
=== Sheet: 2024 ===
Shape: (35, 26)
Columns 0-6, first 25 rows:
           0            1                  2             3             4                   5                   6
0        NaN          NaN                NaN           NaN           NaN                 NaN                 NaN
1      THÁNG       TARGET                NaN           NaN           NaN                 NaN             SALE IN
2        NaN          NaN            FUJITSU       COLEMAN        ADIDAS         BAKING SODA                 NaN
3    THÁNG 1   5000000000        861717452.2    26842196.7      23051600        1659870141.6        2571481390.5
4    THÁNG 2   6000000000        789679412.5      92835050      15615600         802084211.5          1700214274
5    THÁNG 3   6000000000        597995611.4      32890990     8923200.0         826612707.8        1466422509.2
6    THÁNG 4   6000000000        998250981.2      32421400           NaN        1066391901.3        2097064282.5
7    THÁNG 5   6000000000        459309228.4      55294800           NaN         722533362.1        1237137390.5
8    THÁNG 6   6000000000        362876544.8    58993206.8           NaN         850070900.8        1271940652.4
9    THÁNG 7   6000000000        487833447.2    66036833.5           NaN         969805337.6        1523675618.3
10   THÁNG 8   6000000000        336335135.4      56895850           NaN        1009491023.2        1402722008.6
11   THÁNG 9   6000000000        301515024.8    53136235.9           NaN         994200802.1        1348852062.8
12  THÁNG 10   6000000000        595806973.3      86663170           NaN        1033216386.4        1715686529.7
13  THÁNG 11   6000000000        462759294.8      73878255           NaN          1027273379        1563910928.8
14  THÁNG 12   6000000000        458031491.5      41783500           NaN        1005098366.8        1504913358.3
15     TOTAL  71000000000  6712110597.500001   677671487.9      47590400  11966648520.199999  19404021005.599998
16       NaN         2022        10526963373    1600000000  6705553771.7   7090254820.399998  25922771965.099998
17       NaN         2023  9455533660.000002  1166682988.9  1283728140.9       10469489893.5  22375434683.299999
18       NaN          NaN -2743423062.500001  -489011501.0 -1236137740.9   1497158626.699999  -2971413677.700001
19       NaN      Target         18000000000    2000000000           NaN         30000000000         50000000000
20       NaN          NaN     -11287889402.5 -1322328512.1      47590400 -18033351479.800003 -30595978994.400002
21       NaN          NaN           0.709861      0.580853           NaN            1.143002            0.867202
22       NaN          NaN                NaN           NaN           NaN                 NaN                 NaN
23       NaN          NaN                NaN           NaN           NaN                 NaN                 NaN
24       NaN          NaN                NaN           NaN           NaN                 NaN                 NaN
---

=== Sheet: 2025 ===
Shape: (35, 26)
Columns 0-6, first 25 rows:
           0            1                  2             3             4                   5                   6
0        NaN          NaN                NaN           NaN           NaN                 NaN                 NaN
1      THÁNG       TARGET                NaN           NaN           NaN                 NaN             SALE IN
2        NaN          NaN            FUJITSU       COLEMAN      AZARINE          BAKING SODA                 NaN
3    THÁNG 1   5000000000        640876385.6      64101400           NaN        1360174586.1        2065152371.7
4    THÁNG 2   4200000000        732429804.7      41661730           NaN        1338996371.9        2113087906.6
5    THÁNG 3   5500000000        384786595.6      54248095     209444400        1277852743.2        1926331833.8
6    THÁNG 4   6000000000        506557848.5      15151400      36019500        1533335156.1        2091063904.6
7    THÁNG 5   6000000000        458154671.7    79932408.6      42562740          1233422927        1814072747.3
8    THÁNG 6   5500000000          372800494      25000000       5131500        1670227004.6        2073158998.6
9    THÁNG 7   5500000000        559789376.3      61363500           NaN         859240793.4        1480393669.7
10   THÁNG 8   5500000000        505242665.4      48904240       7194000        2405856086.7        2967196992.1
11   THÁNG 9   5500000000        501434712.9    45054709.7       4185500        1293374758.5        1844049681.1
12  THÁNG 10   5500000000        243758180.6      73133500           NaN          2118887122        2435778802.6
13  THÁNG 11   5500000000        473080142.7      35252800      18810000        2703273950.3          3230416893
14  THÁNG 12   5500000000                NaN           NaN           NaN                 NaN                   0
15     TOTAL  65200000000         5378910878   543803783.3     323347640  17794641499.799999  24040703801.099998
16       NaN         2023  9455533660.000002  1166682988.9  1283728140.9       10469489893.5  22375434683.300003
17       NaN         2024  6712110597.500001   677671487.9      47590400  11966648520.199999  19404021005.599998
18       NaN          NaN -1333199719.500001  -133867704.6     275757240        5827992979.6        4636682795.5
19       NaN      Target         18000000000    2000000000           NaN         30000000000         50000000000
20       NaN          NaN       -12621089122 -1456196216.7     323347640 -12205358500.200001 -25959296198.900002
21       NaN          NaN           0.801374      0.802459           NaN             1.48702            1.238955
22       NaN          NaN                NaN           NaN           NaN                 NaN                 NaN
23       NaN          NaN                NaN           NaN           NaN                 NaN                 NaN
24       NaN          NaN                NaN           NaN           NaN                 NaN                 NaN
---

=== Sheet: 2023 ===
Shape: (21, 27)
Columns 0-6, first 25 rows:
           0            1                  2             3             4                  5                   6
0        NaN          NaN                NaN           NaN           NaN                NaN                 NaN
1      THÁNG       TARGET                NaN           NaN           NaN                NaN             SALE IN
2        NaN          NaN            FUJITSU       COLEMAN        ADIDAS        BAKING SODA                 NaN
3    THÁNG 1   5000000000        710462562.7    66958437.7   159846171.1        729657259.1        1666924430.6
4    THÁNG 2   6000000000          683000000      52000000     259000000          836000000          1830000000
5    THÁNG 3   6000000000          639554773   105495299.8   198484834.9        652255650.2        1595790557.9
6    THÁNG 4   6000000000        664410932.9    77656100.5   156713119.2          943459385        1842239537.6
7    THÁNG 5   6000000000         1163870939   106226840.5   189530122.1        935099856.9        2394727758.5
8    THÁNG 6   6000000000          760942490   315945309.9   137608209.2        756904377.9          1971400387
9    THÁNG 7   6000000000        626173532.6    13442170.5    58623879.6        798174086.6        1496413669.3
10   THÁNG 8   6000000000       1355373273.1      72212000      64000000       1151681180.1        2643266453.2
11   THÁNG 9   6000000000        466587789.8    62009281.4    18280204.8        885399557.9        1432276833.9
12  THÁNG 10   6000000000        779795558.3    45825022.1      10782200       1040451756.3        1876854536.7
13  THÁNG 11   6000000000        917745252.6    38208580.3      17102800        923188633.4        1896245266.3
14  THÁNG 12   6000000000          687616556   210703946.2      13756600        817218150.1        1729295252.3
15     TOTAL  71000000000  9455533660.000002  1166682988.9  1283728140.9      10469489893.5  22375434683.299999
16       NaN         2022        10526963373    1600000000  6705553771.7  7090254820.399998  25922771965.099998
17       NaN          NaN -1071429712.999998  -433317011.1 -5421825630.8  3379235073.100002  -3547337281.799999
18       NaN      Target         18000000000    2000000000   10000000000        30000000000         60000000000
19       NaN          NaN  8544466339.999998   833317011.1  8716271859.1      19530510106.5  37624565316.699997
20       NaN          NaN            0.89822      0.583341           NaN           1.476603            0.863157
---
